1000
2 2 18
2 1 18
1 5
6 1 2 3 5 18 19
1 3
3 7 8 13
4 6 8 13 14
4 6 7 13 14
1 12
15 6 7 8 13 14 16 17 20 23 28 29 42 44 46 47
2 21 38
9 1 2 4 9 18 19 25 26 51
17 6 7 8 10 14 16 17 20 23 28 29 33 34 39 43 46 47
3 7 8 13
0
7 6 7 8 13 14 17 20
7 6 7 8 13 14 16 20
3 19 25 26
5 4 18 25 26 30
4 13 14 16 17
1 38
3 15 55 79
6 16 17 20 28 29 39
7 27 41 56 67 69 70 71
5 19 26 30 32 37
5 19 25 30 32 37
18 21 24 41 56 59 61 67 69 70 71 76 82 86 89 93 94 96 106
2 23 29
4 20 23 28 39
5 25 26 32 36 37
0
4 30 35 36 37
6 23 28 29 34 39 40
6 23 28 29 33 39 40
2 36 45
6 32 35 37 40 45 49
4 30 32 36 45
0
34 5 6 7 8 10 13 14 16 17 20 23 28 29 30 32 33 34 35 36 37 40 42 43 44 45 46 47 48 49 50 52 54 60 64
8 33 34 35 39 43 48 49 52
0
0
8 28 29 39 46 47 48 50 52
1 42
3 35 36 49
3 44 47 50
1 46
23 13 16 17 20 23 28 29 33 34 35 36 39 40 43 44 45 46 47 49 50 52 54 64
3 40 52 54
3 43 47 48
0
3 43 48 50
3 31 65 66
45 3 4 5 6 7 8 13 14 16 17 18 19 20 23 25 26 28 29 30 32 33 34 35 36 37 39 40 42 43 44 45 46 47 48 49 50 51 52 57 60 64 74 77 102 103
0
2 67 69
22 18 19 25 26 30 32 33 34 35 36 37 39 40 45 48 49 51 52 54 60 64 77
0
1 61
11 35 36 37 40 45 48 49 52 54 57 64
3 59 81 82
4 51 57 77 84
12 42 43 44 46 47 48 50 64 74 92 97 124
1 60
6 31 66 68 80 90 104
6 31 65 68 80 90 104
5 56 69 70 71 76
5 80 84 99 104 112
0
0
2 70 76
0
0
0
1 78
0
6 51 57 60 62 102 111
1 83
0
5 68 84 99 104 112
2 59 88
0
1 78
3 62 77 99
2 75 83
11 67 69 71 76 93 98 105 106 109 113 116
0
1 101
8 61 81 82 94 96 107 115 120
0
3 83 85 95
2 74 97
4 86 106 113 114
0
1 91
0
1 92
0
6 68 80 84 104 112 118
0
0
0
0
5 68 80 99 112 118
2 98 109
1 114
0
0
5 98 105 113 116 121
3 87 117 125
0
1 104
0
0
3 81 88 101
0
1 122
0
1 103
1 107
0
2 126 127
0
8 63 74 92 97 103 119 150 155
3 110 117 130
3 127 131 132
3 126 131 132
0
0
20 87 100 101 110 117 122 125 126 127 131 132 134 135 136 138 141 154 161 168 186
3 132 135 136
3 131 135 136
10 98 105 109 113 114 116 121 128 146 164
97 79 87 100 101 108 110 117 122 125 126 127 130 131 132 135 136 138 139 141 142 143 145 149 151 152 154 157 158 159 160 161 163 165 167 168 169 172 173 175 176 177 179 180 181 182 183 186 190 191 192 193 194 195 196 198 199 200 201 202 203 204 205 206 208 209 210 211 212 213 214 215 216 217 218 219 221 222 223 224 225 227 228 229 232 234 235 236 237 238 239 240 241 243 246 247 248 249
4 136 142 143 145
4 135 142 143 145
8 89 96 107 115 120 156 197 207
0
14 135 136 142 143 145 149 151 152 157 158 159 160 163 172
0
3 130 138 154
6 139 143 145 149 151 152
6 139 142 145 149 151 152
0
5 142 143 149 151 152
22 86 93 94 96 98 105 106 107 109 113 114 116 120 121 128 133 137 156 164 197 207 220
0
1 153
6 151 152 157 158 159 160
0
7 149 152 157 158 159 160 163
7 149 151 157 158 159 160 163
1 148
0
1 150
0
42 135 136 139 142 143 145 149 151 152 158 159 160 163 165 167 169 172 173 175 176 181 182 183 189 192 194 196 198 199 200 202 203 204 205 212 213 214 215 217 218 219 222
6 157 159 160 163 172 173
7 157 158 160 163 172 173 175
7 157 158 159 163 172 173 175
0
1 155
6 157 158 159 160 181 182
8 121 128 133 146 156 197 207 220
1 167
11 129 140 144 148 153 170 187 230 255 268 269
0
1 161
2 165 176
8 140 144 147 166 187 230 233 255
1 162
3 173 175 183
5 159 160 172 175 198
5 184 233 253 254 256
4 172 173 198 200
2 169 179
1 168
1 171
3 169 176 180
2 176 179
5 182 192 199 203 204
5 181 192 199 203 204
1 189
0
0
0
0
1 185
1 188
2 177 191
4 180 190 193 201
2 196 199
4 179 180 191 201
3 192 196 202
1 186
2 192 194
2 156 207
3 175 200 219
8 192 194 196 203 204 212 213 217
3 198 219 222
4 190 191 193 208
4 194 196 205 212
6 192 196 199 204 213 217
6 192 196 199 203 213 217
6 194 202 212 213 214 215
1 195
1 197
3 191 201 224
5 193 201 210 223 225
5 193 201 209 223 225
9 141 154 186 195 206 242 244 245 250
13 194 196 202 205 213 214 215 217 218 221 227 229 232
14 192 194 196 199 202 205 212 214 215 217 218 227 229 232
7 202 205 212 215 218 221 227
11 202 205 209 210 212 214 218 221 227 228 229
1 206
9 202 205 212 213 214 218 227 229 232
9 205 212 213 214 215 217 221 227 229
3 200 222 237
0
10 205 209 210 214 215 218 225 227 228 229
4 219 234 235 237
5 208 209 210 224 225
3 208 216 223
5 209 210 223 224 228
55 149 151 152 157 158 159 160 163 172 173 175 181 182 183 185 188 189 192 194 196 198 199 200 202 203 204 205 212 213 214 215 217 218 219 221 222 227 229 232 234 235 236 237 238 239 243 246 247 248 249 251 257 258 259 265
9 212 214 215 218 221 228 229 232 238
4 215 221 223 225
5 214 218 221 227 232
13 140 144 148 153 166 170 187 233 255 268 269 274 275
0
5 217 218 227 229 238
1 254
5 235 236 237 239 243
5 234 236 237 239 243
3 232 238 239
4 222 234 235 243
3 229 232 236
3 236 238 243
0
0
17 137 154 156 197 207 211 244 245 250 252 260 283 292 299 316 329 330
5 234 235 239 247 251
4 211 242 245 250
1 250
1 240
2 249 251
1 246
1 248
2 211 245
0
0
2 256 262
0
1 268
3 253 262 264
4 251 258 259 265
1 257
89 149 151 152 157 158 159 160 161 163 165 167 168 169 172 173 175 176 177 179 180 181 182 183 185 186 188 189 190 191 192 193 194 195 196 198 199 200 201 202 203 204 205 206 208 209 210 212 213 214 215 216 217 218 219 221 222 223 224 225 226 227 228 229 232 234 235 236 237 238 239 240 241 243 246 247 248 249 251 257 258 265 267 273 279 289 326 345 349 354
61 137 146 156 164 197 207 211 220 242 244 245 250 252 266 281 283 286 291 292 293 294 299 305 311 312 313 315 316 320 321 324 329 330 334 335 336 337 340 342 343 344 353 355 357 358 359 361 362 364 366 369 372 374 376 378 379 384 400 408 423 429
8 171 178 263 269 270 272 280 309
1 271
0
0
31 212 213 217 218 219 222 226 227 228 229 232 234 235 236 237 238 239 240 243 246 247 248 249 251 257 258 259 273 279 289 326
6 286 291 293 294 305 312
1 273
9 255 269 275 296 302 303 304 307 317
6 255 263 268 275 280 296
0
2 276 277
0
24 221 223 224 225 227 228 229 232 236 238 239 240 241 243 246 247 248 249 251 258 259 265 267 322
0
0
3 277 288 290
3 276 288 290
0
0
10 261 263 269 270 272 296 309 333 351 363
3 285 286 295
0
0
0
8 276 277 288 290 295 301 306 308
24 266 281 293 294 295 305 311 312 313 315 320 321 324 332 334 336 337 340 341 343 344 353 358 359
3 282 284 298
4 285 290 306 308
1 279
3 288 306 308
16 266 283 286 293 294 305 312 321 334 335 336 340 342 344 355 366
2 316 329
1 294
6 291 293 305 312 321 335
19 276 277 281 285 288 290 301 306 308 311 320 327 328 332 341 346 347 348 356
3 302 317 333
1 298
23 264 271 276 277 278 282 284 287 288 290 297 300 310 314 319 325 331 338 350 352 360 373 380
4 283 291 316 330
4 278 284 297 310
4 285 295 306 308
0
2 304 307
23 255 268 269 274 275 296 302 303 307 317 318 323 333 339 363 365 377 388 417 442 447 456 459
14 291 293 294 312 313 315 321 324 334 335 336 340 342 344
4 301 308 327 328
10 274 275 296 302 303 304 317 318 339 388
4 301 306 327 328
0
7 278 282 284 297 300 323 382
0
2 305 321
10 286 311 312 315 320 321 324 334 336 337
27 276 277 282 284 287 288 290 297 298 301 306 308 319 325 327 328 331 338 346 347 348 350 352 360 373 380 390
1 313
1 329
2 302 339
58 230 233 254 255 268 269 274 275 278 280 282 284 287 296 297 298 300 302 303 304 307 310 317 323 333 339 351 352 363 365 377 382 383 388 393 394 413 417 442 445 447 456 459 474 484 491 493 502 519 520 522 546 547 549 553 560 564 586
27 276 277 285 287 288 290 298 301 306 308 314 325 327 328 331 338 346 347 348 350 352 360 370 371 373 380 390
1 311
8 305 312 334 335 336 340 344 353
0
0
58 281 286 291 293 294 295 305 311 312 313 315 320 321 332 334 335 336 337 340 341 342 343 344 353 355 356 357 358 359 361 362 364 366 367 369 372 374 376 378 379 384 385 391 395 396 398 400 401 402 408 410 411 412 418 421 426 427 431
0
7 265 279 289 345 349 354 482
4 328 346 347 348
4 327 346 347 348
5 292 299 316 330 435
0
1 325
128 276 277 281 285 286 288 290 293 294 295 301 305 306 308 311 312 313 314 315 319 320 321 324 325 327 328 331 334 335 336 337 338 340 341 342 343 344 346 347 348 350 353 355 356 357 358 359 360 361 362 364 366 367 368 369 370 371 373 374 376 378 379 380 381 384 385 386 387 389 390 391 392 395 396 397 398 399 400 401 402 404 405 406 407 408 409 410 411 412 414 415 418 419 420 421 422 423 424 426 427 430 431 432 433 434 436 438 440 441 443 444 446 448 450 452 453 454 457 461 464 470 472 475 480 481 494 495 513
4 296 317 363 377
8 321 324 336 337 340 344 353 361
1 342
1 340
4 324 334 358 359
1 331
10 296 302 303 304 307 317 318 333 388 456
16 321 324 334 335 336 337 342 344 353 355 358 359 361 362 364 374
49 281 295 301 311 313 315 320 324 327 328 332 334 337 340 343 346 347 348 353 356 357 358 359 362 367 368 370 371 381 385 386 387 389 391 392 395 396 397 398 401 402 406 409 411 414 419 420 426 432
0
0
0
7 265 279 289 326 349 354 482
5 347 348 368 370 371
5 346 348 368 370 371
5 346 347 368 370 371
1 354
1 338
3 309 363 377
17 287 297 298 314 325 331 338 350 360 373 380 390 393 403 416 425 428
1 344
0
3 342 364 374
4 332 341 343 367
0
1 359
3 337 358 362
1 350
19 321 334 335 336 337 340 342 344 353 355 358 359 362 364 369 374 376 384 385
202 266 276 277 281 283 285 286 288 290 291 293 294 295 299 301 305 306 308 311 312 313 315 319 320 321 324 325 327 328 330 331 332 334 335 336 337 340 341 342 343 344 346 347 348 353 355 356 357 358 359 361 364 366 367 368 369 370 371 372 374 376 378 379 381 384 385 386 387 389 390 391 392 395 396 397 398 399 400 401 402 404 405 406 407 408 409 410 411 412 414 415 418 419 420 421 422 423 424 426 427 429 430 431 432 433 434 436 438 440 441 443 444 446 448 450 451 452 453 454 455 457 458 461 462 463 464 465 466 469 470 471 472 473 475 477 478 479 480 481 483 485 486 488 489 490 492 494 495 496 498 499 500 503 504 505 507 508 510 512 513 515 517 518 521 525 526 528 529 530 531 532 534 536 537 538 539 541 542 543 545 548 551 554 556 558 559 563 565 569 572 573 575 577 578 579 580 581 584 585 593 595 596
5 296 309 333 351 377
12 335 336 340 342 344 353 355 361 366 369 374 376
4 323 383 413 417
0
107 281 285 288 290 295 301 306 308 311 313 315 319 320 324 325 327 328 331 332 334 336 337 338 340 341 343 344 346 347 348 350 353 356 357 358 359 360 361 362 368 370 371 373 380 381 384 385 386 387 389 390 391 392 395 396 397 398 399 401 402 404 405 406 407 409 410 411 412 414 415 418 419 420 421 422 424 426 427 430 431 432 433 434 436 438 440 441 443 444 446 448 450 452 453 454 457 461 463 464 470 472 480 481 483 494 500 513
4 367 370 371 381
42 294 305 312 321 324 334 335 336 337 340 342 344 353 355 358 359 361 362 364 366 372 374 376 378 379 384 385 391 395 400 408 410 412 418 421 423 427 451 455 458 466 469
3 368 371 386
4 368 370 386 387
0
1 360
1 364
1 322
9 342 355 364 366 369 372 374 378 379
0
3 366 372 379
3 366 372 378
0
3 386 389 392
5 365 383 393 394 413
0
0
0
4 381 387 389 407
5 386 389 404 405 407
0
59 327 328 332 341 343 346 347 348 356 357 367 368 370 371 381 386 387 390 392 396 397 398 399 401 402 404 405 406 407 409 411 414 415 419 420 422 424 426 430 431 432 433 434 438 440 441 443 444 448 453 454 457 461 463 470 472 480 483 494
1 380
1 385
4 397 406 419 420
7 382 383 394 413 474 484 491
10 365 382 383 393 413 445 447 474 484 491
1 391
3 398 402 409
55 332 341 346 347 348 356 357 367 368 370 371 381 386 387 389 392 396 398 401 402 404 405 406 407 409 411 414 419 420 422 424 426 430 431 432 433 434 438 440 441 444 448 450 452 453 454 457 461 464 470 472 480 481 483 494
38 356 357 367 381 385 389 391 392 395 396 397 401 402 406 409 411 412 414 419 420 421 426 427 431 432 434 436 438 441 444 446 448 450 452 453 461 464 480
1 390
28 355 361 362 364 366 369 374 376 378 379 384 385 391 395 408 410 412 418 421 423 427 436 451 455 469 473 475 479
196 281 285 286 288 290 293 294 295 301 305 306 308 311 312 313 315 319 320 321 324 325 327 328 332 334 335 336 337 340 341 342 343 344 346 347 348 350 353 355 356 357 358 359 360 361 362 364 366 367 368 369 370 371 372 373 374 376 378 379 380 381 384 385 386 387 389 390 391 392 395 396 397 398 399 400 402 404 405 406 407 408 409 410 411 412 414 415 418 419 420 421 422 423 424 426 427 430 431 432 433 434 436 438 440 441 443 444 446 448 450 451 452 453 454 455 457 458 461 463 464 465 466 467 468 469 470 471 472 473 475 477 478 479 480 481 483 485 486 488 489 490 492 494 495 496 498 499 500 504 505 506 507 508 510 511 512 513 514 515 516 517 518 521 525 526 529 530 531 532 534 536 537 538 539 541 542 543 545 548 551 554 556 558 559 563 566 569 572 573 575 577 578 579 580 585 597
4 396 398 409 414
0
4 405 407 422 430
4 404 407 422 430
7 392 396 397 402 409 419 420
3 404 405 433
1 400
1 414
41 353 358 359 361 362 364 369 374 376 384 385 391 395 400 401 408 411 412 418 421 423 426 427 431 436 446 450 452 453 455 464 469 473 475 477 479 485 488 490 492 496
40 356 357 367 381 385 391 392 395 396 397 398 401 402 406 409 410 412 414 419 420 421 426 427 431 432 434 436 438 441 444 446 448 450 452 453 461 464 480 481 495
2 395 421
0
1 409
1 399
1 403
1 442
14 384 385 391 395 400 408 410 412 421 423 427 436 455 473
6 396 402 406 420 434 438
6 396 402 406 419 434 438
22 384 385 391 395 400 401 410 411 412 418 426 427 431 432 436 441 446 450 452 453 464 475
2 424 430
40 355 364 366 369 372 374 376 378 379 384 395 400 408 410 412 418 421 451 455 458 465 466 469 471 473 475 477 478 479 485 486 488 489 490 492 498 499 504 505 510
1 415
4 403 416 428 437
114 320 324 332 334 336 337 340 341 343 344 346 347 353 355 356 357 358 359 361 362 364 367 368 369 370 371 374 376 381 384 385 386 387 389 391 392 395 396 397 398 400 401 402 404 405 406 407 408 409 410 411 412 414 418 419 420 421 422 423 427 430 431 432 433 434 436 438 441 444 446 448 450 452 453 454 455 461 464 469 470 472 473 475 477 479 480 481 485 488 490 492 494 495 496 504 508 512 513 515 517 525 531 532 534 537 539 542 543 548 556 559 563 569 572
2 412 421
1 416
2 462 503
2 422 440
39 385 391 392 395 396 397 398 401 402 406 409 410 411 412 414 418 419 420 421 426 427 432 434 436 438 441 444 446 448 450 452 453 461 464 475 480 481 494 495
0
1 454
4 432 438 444 448
42 292 299 316 322 329 330 366 372 375 376 378 379 423 429 439 451 458 462 465 466 469 471 478 486 489 498 499 503 505 521 528 530 536 567 581 584 587 598 603 605 614 628
1 427
1 428
3 434 448 461
1 375
1 457
0
2 417 447
10 399 415 422 424 430 440 457 463 467 468
4 432 441 448 453
1 447
2 436 450
4 413 417 442 445
5 434 438 441 444 461
1 437
7 426 431 436 446 452 453 464
28 379 400 408 418 423 455 458 465 466 469 471 473 477 478 479 486 489 490 492 498 499 505 510 515 518 521 526 530
3 446 450 464
3 441 452 464
1 472
0
7 388 459 493 502 547 549 553
2 443 463
8 451 465 466 469 471 478 486 489
6 417 442 445 447 519 546
1 449
2 448 480
1 503
2 443 468
51 385 391 395 396 398 401 402 406 409 410 411 412 414 418 419 420 421 426 427 431 432 434 436 438 441 444 446 448 450 452 453 461 473 475 479 480 481 485 488 494 495 496 508 512 513 525 531 534 539 543 548
0
0
1 460
1 467
45 400 408 410 418 423 451 455 458 465 466 471 473 475 477 478 479 485 486 488 489 490 492 496 498 499 504 505 508 510 512 515 517 518 521 526 529 530 536 537 538 541 545 551 554 558
264 276 277 281 285 286 287 288 290 295 297 298 301 305 306 308 311 312 313 314 315 319 320 321 324 325 327 328 331 332 334 335 336 337 338 340 341 342 343 344 346 347 348 350 352 353 355 356 357 358 359 360 361 362 364 366 367 368 369 370 371 372 373 374 376 378 379 380 381 384 385 386 387 389 390 391 392 393 395 396 397 398 399 400 401 402 403 404 405 406 407 408 409 410 411 412 414 415 416 418 419 420 421 422 423 424 425 426 427 428 430 431 432 433 434 436 437 438 440 441 443 444 446 448 449 450 451 452 453 454 455 457 458 460 461 463 464 465 466 467 468 469 471 472 473 474 475 476 477 478 479 480 481 483 485 486 487 488 489 490 491 492 494 495 496 497 498 499 500 501 504 505 506 507 508 509 510 511 512 513 514 515 516 517 518 521 523 524 525 526 527 528 529 530 531 532 533 534 536 537 538 539 541 542 543 544 545 548 550 551 552 554 556 557 558 559 561 563 565 566 568 569 572 573 575 576 577 578 579 580 581 584 585 590 591 593 595 596 597 600 601 604 606 607 608 612 613 615 617 620 621 623 624 626 627 630 631 632 634 640 641 642 643 644 645
1 478
1 483
0
17 382 383 393 394 413 445 447 484 491 520 522 523 524 533 561 582 583
1 479
183 282 284 285 287 288 290 295 297 298 300 301 306 308 310 314 319 325 327 328 331 332 338 341 343 346 347 348 350 352 356 357 360 365 367 368 370 371 373 380 381 382 383 386 387 389 390 392 393 394 396 397 398 399 401 402 403 404 405 406 407 409 411 412 413 414 415 416 419 420 421 422 424 425 426 427 428 430 431 432 433 434 436 437 438 440 441 443 444 445 446 447 448 449 450 452 453 454 457 460 461 463 464 467 468 470 472 474 480 481 483 484 487 491 494 495 497 500 501 506 507 509 511 513 514 516 520 522 523 524 525 527 531 532 533 539 542 543 544 548 550 552 556 557 559 561 563 566 568 569 572 575 576 578 579 582 583 590 591 594 597 600 601 604 606 607 608 611 612 617 621 623 624 625 626 627 630 631 632 634 635 642 643 644
7 455 466 469 489 499 505 510
65 366 369 372 374 376 378 379 384 400 408 410 418 421 423 427 451 455 458 462 465 466 469 471 473 475 477 479 485 486 488 489 490 492 496 498 499 503 504 505 508 510 512 515 517 518 521 526 528 529 530 534 536 537 538 541 545 551 554 558 565 573 581 584 585 593
0
1 494
55 396 398 401 402 406 409 411 412 414 419 420 421 426 427 431 432 434 436 438 441 444 446 448 450 452 453 461 464 470 475 479 480 485 488 494 495 496 508 512 513 525 531 532 534 539 542 543 548 556 559 563 569 572 575 578
0
1 500
9 394 413 445 447 474 491 520 522 582
186 293 294 305 311 312 313 315 320 321 324 332 334 335 336 337 340 341 342 343 344 346 347 348 353 355 356 357 358 359 361 362 364 366 367 368 369 370 371 372 374 376 378 379 381 384 385 386 387 389 391 392 395 396 397 398 400 401 402 404 405 406 407 408 409 410 411 412 414 418 419 420 421 422 423 426 427 429 430 431 432 433 434 436 438 440 441 444 446 448 450 451 452 453 454 455 457 458 461 462 464 465 466 469 470 471 472 473 475 477 478 479 480 481 483 486 488 489 490 492 494 495 496 498 499 500 503 504 505 507 508 510 512 513 515 517 518 521 525 526 528 529 530 531 532 534 536 537 538 539 541 542 543 545 548 551 554 556 558 559 563 565 566 569 572 573 575 577 578 579 580 581 584 585 587 593 595 596 597 598 601 603 604 613 615 616 620
4 471 478 489 498
0
109 361 362 364 369 374 376 378 379 384 385 391 395 398 400 401 402 408 409 410 411 412 414 418 421 423 426 427 431 432 434 436 438 441 444 446 448 450 451 452 453 455 458 461 464 465 466 469 471 473 475 477 478 479 480 481 485 486 489 490 492 494 495 496 498 499 504 505 508 510 512 513 515 517 518 521 525 526 528 529 530 531 534 536 537 538 539 541 542 543 545 548 551 554 556 558 559 565 569 573 575 577 578 580 581 584 585 593 595 596
22 451 455 458 465 466 469 471 477 478 486 498 499 505 510 515 517 518 521 526 529 530 536
119 353 355 358 359 361 362 364 366 369 372 374 376 378 379 384 385 391 395 396 398 400 401 402 408 409 410 411 412 414 418 421 423 426 427 431 432 434 436 438 441 444 446 448 450 451 452 453 455 458 461 462 464 465 466 469 471 473 475 477 478 479 480 481 485 486 488 489 492 494 495 496 498 499 504 505 508 510 512 513 515 517 518 521 525 526 528 529 530 531 534 536 537 538 539 541 542 543 545 548 551 554 556 558 559 563 565 569 572 573 575 577 578 580 581 584 585 593 595 596
37 382 383 393 394 403 413 416 425 428 437 445 447 449 460 467 474 476 484 487 497 501 509 520 522 523 524 527 533 544 550 561 568 576 582 583 594 600
4 485 488 490 504
7 456 502 547 549 553 560 564
1 513
2 464 481
13 473 475 479 485 488 490 492 504 508 512 515 517 534
1 487
4 471 478 486 489
1 505
1 507
4 523 524 527 533
8 493 535 547 549 553 555 560 564
0
0
1 499
1 497
1 514
13 475 479 485 488 490 492 496 504 512 515 517 534 537
13 460 467 476 487 497 501 506 511 516 527 544 550 557
9 499 505 515 517 518 521 526 529 530
1 506
194 293 294 305 311 312 313 315 320 321 324 332 334 335 336 337 340 341 342 343 344 346 347 348 353 355 356 357 358 359 361 362 364 366 367 368 369 370 371 372 374 376 378 379 381 384 385 386 387 389 391 392 395 396 397 398 400 401 402 404 405 406 407 408 409 410 411 412 414 418 419 420 421 422 423 424 426 427 429 430 431 432 433 434 436 438 440 441 443 444 446 448 450 451 452 453 454 455 457 458 461 462 463 464 465 466 469 470 471 472 473 475 477 478 479 480 481 483 485 486 488 489 490 492 494 495 496 498 499 500 503 504 505 507 508 510 513 514 515 516 517 518 521 525 526 528 529 530 531 532 534 536 537 538 539 541 542 543 545 548 551 554 556 558 559 563 565 566 569 572 573 575 577 578 579 580 581 584 585 587 593 595 596 597 598 601 603 604 613 614 615 616 618 620 640
1 525
1 516
1 517
1 511
1 515
2 510 526
37 323 365 382 383 388 393 394 413 417 442 445 447 456 459 474 484 491 493 520 522 546 549 553 561 564 582 583 586 592 594 602 609 610 611 619 633 636
1 522
20 477 486 489 498 499 505 510 515 517 518 526 529 530 536 538 541 545 551 554 558
5 474 484 491 520 582
3 524 533 561
3 523 533 561
2 531 542
53 451 455 458 465 466 469 471 473 475 477 478 479 485 486 488 489 490 492 496 498 499 504 505 508 510 512 515 517 518 521 528 529 530 534 536 537 538 541 543 545 551 554 558 565 573 577 580 581 584 585 593 595 596
8 497 501 509 533 544 550 568 576
0
13 510 515 517 518 521 526 530 537 538 541 545 551 554
1 521
6 513 525 532 539 542 556
18 470 480 481 494 513 525 531 539 542 548 556 559 563 569 572 575 578 579
4 501 523 524 561
91 395 400 408 410 412 418 421 423 426 427 431 432 436 441 444 446 450 451 452 453 455 458 461 464 466 469 471 473 475 477 478 479 480 481 485 486 488 489 490 492 494 495 496 498 499 504 505 508 510 512 513 515 517 518 521 525 526 529 530 531 532 536 537 538 539 541 542 543 545 548 551 554 556 558 559 563 565 569 572 573 575 577 578 580 581 584 585 593 595 596 597
2 555 562
5 521 526 530 558 565
2 541 545
15 504 510 515 517 518 521 526 529 530 537 541 545 551 554 558
12 513 525 531 532 542 548 556 559 563 569 572 575
1 482
48 455 466 469 473 475 477 478 479 485 486 488 489 490 492 496 498 499 504 505 508 510 512 515 517 518 521 526 529 530 534 536 537 538 543 545 551 554 558 565 573 577 580 581 584 585 593 595 596
3 531 539 556
0
1 550
5 537 538 541 551 554
86 302 303 304 307 310 317 318 323 339 352 365 377 382 383 388 393 394 403 413 416 417 425 428 437 442 445 447 449 456 459 460 474 476 484 487 491 493 497 501 502 509 519 520 522 523 524 527 533 544 547 549 550 553 555 557 560 561 564 568 576 582 583 586 588 592 594 600 602 606 609 610 611 619 624 625 626 631 632 633 635 636 638 647 648 694 717
0
0
0
188 297 298 306 308 314 319 325 327 328 331 332 338 341 346 347 348 350 352 356 360 367 368 370 371 373 380 381 382 383 386 387 389 390 392 393 394 395 396 397 398 399 401 402 403 404 405 406 407 409 411 412 413 414 415 416 419 420 421 422 424 425 426 427 428 430 431 432 433 434 436 437 438 440 441 443 444 445 446 447 448 449 450 452 453 454 457 460 461 463 464 467 468 470 472 474 475 476 480 481 483 484 487 491 494 495 496 497 500 501 506 507 509 511 512 513 514 516 520 522 523 524 525 527 531 532 533 534 539 542 543 544 548 552 556 557 559 561 563 566 568 569 572 575 576 577 578 579 580 582 583 590 591 592 594 597 600 601 604 606 607 608 609 610 611 612 613 615 617 619 621 623 624 625 626 627 630 631 632 634 635 640 641 642 643 644 645 652 688
15 510 515 517 518 521 526 529 530 537 538 541 545 554 558 573
9 506 509 511 514 516 544 550 557 566
1 549
115 369 374 376 378 379 384 385 391 395 400 401 408 410 411 412 418 421 423 426 427 431 432 434 436 441 444 446 448 450 451 452 453 455 458 461 462 464 465 466 469 471 473 475 477 478 479 480 481 485 486 488 489 490 492 494 495 496 498 499 503 504 505 508 510 512 513 515 517 518 521 525 526 528 529 530 531 532 534 536 537 538 539 541 542 543 545 548 551 556 558 559 563 565 569 572 573 575 577 578 580 581 584 585 593 595 596 597 598 601 603 604 613 615 616 620
3 535 547 562
2 559 563
8 506 509 511 516 527 544 550 552
12 521 526 529 530 536 538 541 545 551 554 565 573
1 556
57 296 302 303 304 307 309 317 318 333 339 351 363 377 388 417 442 445 447 456 459 493 502 519 535 546 547 549 553 555 562 564 571 574 586 588 589 592 602 609 629 633 636 637 638 646 648 659 661 662 664 676 682 684 718 719 731 732
2 523 524
7 535 547 555 560 574 588 589
2 559 572
1 549
2 558 573
41 440 454 457 463 467 468 470 472 476 483 487 497 500 506 507 509 511 514 516 525 527 531 532 539 542 544 550 552 556 557 559 563 572 576 579 590 591 607 608 612 617
0
1 576
1 575
0
0
2 575 578
6 554 558 565 584 585 593
3 535 562 589
12 525 531 539 542 548 556 559 563 569 572 578 579
0
139 361 362 369 374 376 378 379 384 385 391 392 395 396 397 398 400 401 402 406 408 409 410 411 412 414 418 419 420 421 423 426 427 431 432 433 434 436 438 441 444 446 448 450 451 452 453 454 455 458 461 462 464 465 466 469 470 471 472 473 475 477 478 479 480 481 483 485 486 488 489 490 492 494 495 496 498 499 500 503 504 505 508 510 512 513 515 517 518 521 525 526 528 529 530 531 532 534 536 537 538 539 541 542 543 545 548 551 554 556 558 559 563 565 566 569 572 573 575 578 579 580 581 584 585 593 595 596 597 598 601 604 613 615 616 618 620 640 641 653
2 569 575
0
1 577
1 584
6 520 522 583 592 594 611
2 582 594
147 335 340 342 344 353 355 358 359 361 362 364 366 369 372 374 376 378 379 384 385 391 395 396 398 400 401 402 408 409 410 411 412 414 418 419 420 421 423 426 427 429 431 432 434 436 438 441 444 446 448 450 451 452 453 455 458 461 462 464 465 466 469 471 473 475 477 478 479 480 481 485 486 488 489 490 492 494 495 496 498 499 503 504 505 508 510 512 513 515 517 518 521 525 526 528 529 530 531 532 534 536 537 538 539 541 542 543 545 548 551 554 556 558 559 563 565 569 572 573 575 577 578 579 580 581 585 587 593 595 596 597 598 601 603 604 613 614 615 616 618 620 640 653 666 670 677 685
45 477 479 485 486 488 489 490 492 496 498 499 504 505 508 510 512 515 517 518 521 526 528 529 530 534 536 537 538 541 543 545 551 554 558 565 573 577 580 581 584 593 595 596 613 620
6 519 546 592 602 609 610
3 598 603 614
4 555 560 564 589
0
6 552 557 566 591 607 608
6 552 557 566 590 607 608
5 586 594 602 609 610
19 526 529 530 536 537 538 541 545 551 554 558 565 573 580 581 584 585 595 596
0
3 584 593 596
38 499 504 505 508 510 512 515 517 518 521 526 528 529 530 534 536 537 538 541 543 545 551 554 558 565 573 577 580 581 584 585 593 595 598 613 615 616 620
2 601 604
207 330 342 355 361 364 366 369 372 374 376 378 379 384 385 391 395 400 408 410 412 418 421 423 426 427 429 431 435 436 441 444 446 450 451 452 453 455 458 462 464 465 466 469 471 473 475 477 478 479 481 485 486 488 489 490 492 494 495 496 498 499 503 504 505 508 510 512 513 515 517 518 521 525 526 528 529 530 531 534 536 537 538 539 541 542 543 545 548 551 554 556 558 559 563 565 567 569 572 573 575 577 578 580 581 584 585 587 593 595 596 597 601 603 604 605 613 614 615 616 618 620 628 651 653 655 656 657 658 660 663 665 666 667 668 669 670 671 672 673 674 677 678 679 680 681 683 685 686 687 689 690 691 693 695 696 697 699 702 703 704 705 706 707 708 709 710 711 712 714 715 716 720 721 722 723 724 725 727 728 729 734 735 736 737 738 739 740 741 743 747 748 749 752 754 755 756 761 762 765 766 769 770 772 776 781 782 788
3 482 540 570
17 523 524 533 561 568 576 582 583 594 606 611 624 625 626 631 632 635
9 563 569 572 575 578 579 597 604 615
9 546 583 586 592 594 609 610 619 633
219 330 342 355 361 364 366 369 372 374 376 378 379 384 385 391 395 400 408 410 412 418 421 423 426 427 429 431 435 436 446 450 451 452 453 455 458 462 464 465 466 469 471 473 475 477 478 479 481 485 486 488 489 490 492 495 496 498 499 503 504 505 508 510 512 513 515 517 518 521 525 526 528 529 530 531 534 536 537 538 539 541 542 543 545 548 551 554 556 558 559 563 565 567 569 572 573 575 577 578 580 581 584 585 587 593 595 596 597 598 601 604 605 613 614 615 616 618 620 628 651 653 655 656 657 658 660 663 665 666 667 668 669 670 671 672 673 674 677 678 679 680 681 683 685 686 687 689 690 691 693 695 696 697 699 702 703 704 705 706 707 708 709 710 711 712 714 715 716 720 721 722 723 724 725 727 728 729 734 735 736 737 738 739 740 741 743 745 747 748 749 752 754 755 756 757 758 761 762 765 766 769 770 771 772 774 775 776 778 779 780 781 782 786 788 789 790 794 798 799
49 480 481 494 495 496 508 512 513 525 531 532 534 537 538 539 541 542 543 545 548 551 554 556 559 563 566 569 572 575 577 578 579 580 585 593 595 596 597 601 607 613 615 617 620 621 640 641 645 653
9 567 587 614 628 651 655 656 657 658
76 416 425 428 437 443 449 457 460 463 467 468 474 476 483 484 487 491 497 500 501 506 507 509 511 514 516 520 522 523 524 527 533 544 550 552 557 561 566 568 576 579 582 583 586 590 591 592 594 600 602 607 608 609 610 611 612 617 619 621 623 624 625 626 627 630 631 632 634 635 642 643 644 645 652 688 692
1 608
1 607
0
0
4 594 600 619 625
9 590 591 607 608 617 623 624 627 630
0
1 603
41 513 525 531 532 534 537 538 539 541 542 543 545 548 551 554 556 558 559 563 569 572 573 575 577 578 579 580 585 593 595 596 597 601 604 613 620 621 640 641 645 653
227 364 366 369 372 374 376 378 379 384 385 391 395 400 408 410 411 412 418 421 423 426 427 429 431 432 434 435 436 441 444 446 448 450 451 452 453 455 458 461 462 464 465 466 469 471 473 475 477 478 479 480 481 485 486 488 489 490 492 494 495 496 498 499 503 504 505 508 510 512 513 515 517 518 521 525 526 528 529 530 531 532 534 536 537 538 539 541 542 543 545 548 551 554 556 558 559 563 565 569 572 573 575 577 578 579 580 581 584 585 587 593 595 596 597 598 601 603 604 605 613 614 615 618 620 628 640 641 645 651 653 655 656 657 658 660 663 665 666 667 668 669 670 671 672 673 674 677 678 679 680 681 683 685 686 687 689 690 691 693 695 696 697 699 702 703 704 705 706 707 708 709 710 711 712 714 715 716 720 721 722 723 724 725 727 728 729 734 735 736 737 738 739 740 741 743 745 747 748 749 752 754 755 756 757 758 761 762 765 766 769 770 772 774 775 776 780 781 782 786 788 789 790 794 799 824 826 841
1 621
0
1 610
0
48 507 514 516 532 542 544 550 552 556 557 559 563 566 568 569 572 575 576 578 579 590 591 597 601 604 606 607 608 612 615 617 623 624 626 627 630 631 632 634 635 640 641 642 643 644 645 652 688
1 639
11 607 608 612 617 624 626 627 630 634 643 644
18 600 606 607 608 612 617 623 625 626 627 630 631 632 634 635 643 644 652
7 600 606 624 626 631 632 635
10 612 623 624 627 630 631 632 634 635 643
23 590 591 606 607 608 612 617 621 623 624 625 626 630 631 632 634 635 642 643 644 645 652 688
0
1 646
7 612 623 626 627 634 643 644
2 632 635
1 631
0
9 623 624 626 627 630 631 632 643 644
16 600 606 612 623 624 625 626 627 630 631 632 634 643 644 652 692
0
0
0
2 649 650
5 615 621 641 645 653
0
2 630 644
1 634
1 643
6 617 621 640 641 642 644
43 535 562 571 574 588 589 629 637 659 661 662 664 676 682 684 713 726 731 732 742 751 773 777 785 791 792 801 802 806 807 814 822 823 828 829 831 834 835 836 837 838 843 844
15 586 592 594 602 609 610 611 619 633 636 638 648 694 717 753
1 636
2 650 675
60 567 605 622 628 639 649 651 654 655 656 657 658 660 663 665 667 668 669 671 672 673 674 675 678 680 686 687 693 699 700 701 704 708 709 710 714 715 721 728 730 733 735 740 743 745 746 758 760 764 771 778 779 783 784 787 795 796 808 809 848
1 656
3 643 644 688
1 640
9 599 622 639 649 650 675 698 700 701
1 658
1 651
3 655 658 660
3 655 656 657
0
3 657 658 663
3 659 662 664
3 659 661 664
3 657 660 665
3 659 682 684
3 660 663 667
0
3 663 665 668
3 665 667 672
1 674
1 666
1 669
3 667 668 673
3 668 672 679
1 680
2 700 701
2 661 662
1 670
2 665 671
3 672 673 681
1 687
3 673 679 689
5 684 718 719 731 732
1 677
5 659 664 682 731 732
9 620 653 724 729 748 757 762 776 824
2 678 699
1 693
49 576 590 591 600 606 607 608 611 612 617 619 621 623 624 625 626 627 630 631 632 634 635 640 641 642 643 644 645 652 653 692 694 744 750 763 804 805 817 818 819 851 853 854 855 856 860 862 894 907
5 679 681 691 696 697
1 683
4 681 689 697 705
23 606 611 619 623 624 625 626 627 630 631 632 634 635 642 643 644 652 688 694 744 804 818 819
1 708
3 647 717 753
1 690
4 697 699 702 704
5 696 702 705 706 707
0
4 702 704 709 710
3 701 730 733
3 700 730 733
4 696 699 704 710
4 697 705 706 707
7 696 697 699 702 709 710 714
8 689 691 696 697 703 706 707 716
8 691 696 697 703 705 707 712 716
5 696 697 703 705 706
0
3 710 714 715
4 699 704 709 714
2 695 712
4 703 711 716 725
1 676
3 709 715 721
3 714 721 728
8 703 706 707 712 720 722 725 727
0
6 719 731 732 759 767 768
6 718 731 732 759 767 768
8 705 706 707 716 722 725 734 736
2 715 728
8 706 707 712 716 720 725 734 736
3 704 710 714
167 584 587 593 595 596 598 603 605 613 614 616 618 620 628 651 653 655 656 657 658 660 663 665 666 667 668 669 670 671 672 673 674 677 678 679 680 681 683 685 686 687 689 690 691 693 695 696 697 699 702 703 704 705 706 707 708 709 710 711 712 714 715 716 720 721 722 723 725 727 728 729 730 733 734 735 736 737 738 739 740 741 743 745 746 747 748 749 752 754 755 756 757 758 760 761 762 764 765 766 769 770 771 772 774 775 776 778 779 780 781 782 783 784 786 787 788 789 790 794 795 796 797 798 799 808 809 813 816 821 824 826 827 833 839 841 842 845 847 850 857 863 864 865 866 869 870 872 875 877 879 881 882 883 884 885 889 891 892 893 895 897 901 902 903 906 910 920
6 711 712 716 722 727 734
1 742
5 711 712 716 725 734
2 721 735
2 724 762
3 733 746 760
9 682 718 719 732 759 767 768 793 800
9 682 718 719 731 759 767 768 793 800
2 730 760
6 716 722 725 727 736 739
0
7 722 725 734 737 738 739 747
7 720 722 734 736 738 747 749
7 720 722 734 736 737 747 749
4 727 734 736 747
1 745
5 723 735 752 755 756
1 726
2 735 740
6 688 750 763 805 817 818
1 758
2 760 764
7 734 736 737 738 739 749 754
27 653 685 729 750 757 762 763 776 824 826 841 863 865 866 872 875 879 881 882 883 885 889 891 892 893 901 902
7 736 737 738 747 755 756 765
7 744 763 805 817 851 854 856
1 726
4 741 743 761 769
10 633 636 647 648 694 717 759 804 832 840
2 739 747
8 737 738 741 749 752 756 765 766
8 737 738 741 749 752 755 765 766
55 613 615 620 640 641 645 653 685 724 729 744 748 750 762 763 776 788 805 817 824 826 841 851 853 854 856 860 863 865 866 870 872 875 879 881 882 883 885 889 891 892 893 901 902 903 910 916 917 918 919 920 921 927 928 930
0
19 682 684 718 719 731 732 767 768 793 800 803 806 810 811 812 815 820 825 832
3 746 783 784
8 741 743 752 755 756 769 772 780
1 776
1 750
7 758 771 778 779 783 784 796
7 747 749 754 755 756 766 770
7 749 755 756 765 770 781 782
11 731 732 759 768 793 800 803 810 811 812 815
6 759 767 810 811 812 815
8 752 755 756 761 766 772 780 789
3 754 765 766
3 778 779 787
7 752 761 769 780 781 782 789
2 713 834
9 761 769 775 786 790 794 795 797 798
9 761 769 774 786 790 794 795 797 798
0
6 742 785 791 792 802 814
11 758 771 774 775 779 786 787 795 796 797 798
11 758 771 774 775 778 786 787 795 796 797 798
8 761 766 769 772 781 782 789 799
6 765 766 770 772 780 782
6 765 766 770 772 780 781
5 764 784 796 808 809
5 764 783 796 808 809
4 777 791 792 802
10 774 775 789 790 794 795 797 798 799 813
4 778 779 795 797
42 683 690 695 703 706 711 712 716 720 722 724 725 727 729 734 736 737 738 739 747 749 754 755 756 762 765 766 770 772 776 780 781 782 841 842 845 847 850 857 869 870 877
8 769 772 780 781 782 790 794 799
10 772 774 775 780 786 789 794 798 799 813
6 777 785 792 802 806 814
6 777 785 791 802 806 814
28 718 719 731 732 759 767 768 777 785 791 792 800 802 803 806 810 811 812 814 815 820 822 823 825 830 852 858 859
2 786 790
2 797 798
9 771 778 779 787 795 797 808 809 816
12 774 775 778 779 786 787 790 794 795 798 813 816
2 786 794
5 772 780 789 790 794
15 767 768 793 803 806 810 811 812 814 815 820 822 823 825 830
5 807 828 829 836 837
5 777 785 791 792 814
9 793 800 806 810 811 812 815 820 825
0
2 763 817
11 777 791 792 793 802 814 820 822 823 825 830
5 751 801 828 829 838
5 787 796 809 816 821
5 787 796 808 816 821
15 759 767 768 793 800 803 806 811 812 815 820 825 832 858 859
9 767 793 800 803 810 812 815 820 825
9 767 793 800 803 810 811 815 820 825
8 786 790 794 795 797 798 799 827
9 777 785 791 792 802 806 822 823 830
1 810
6 787 795 797 798 813 821
0
1 862
19 652 688 692 694 744 753 804 818 840 851 853 854 855 856 860 862 894 926 935
9 793 800 803 806 814 822 823 825 830
2 816 827
8 791 792 802 806 814 820 823 830
8 791 792 802 806 814 820 822 830
16 748 757 826 863 866 872 875 879 881 882 883 885 889 891 892 893
8 793 800 803 806 820 822 823 830
3 757 824 865
2 813 833
8 801 807 829 836 837 838 843 844
11 801 807 828 835 836 837 838 843 844 873 874
12 791 792 802 803 806 814 820 822 823 825 831 852
8 791 792 802 807 814 822 823 835
0
1 839
6 828 829 836 837 876 878
9 802 807 822 823 831 838 843 844 871
7 801 828 829 837 838 843 844
7 801 828 829 836 838 843 844
11 801 807 828 829 835 836 837 843 844 873 874
1 842
0
3 866 870 882
1 847
8 828 829 836 837 838 844 873 874
8 828 829 836 837 838 843 873 874
8 839 842 847 850 857 869 877 884
1 867
1 850
0
0
2 845 857
2 856 860
16 814 820 822 823 825 830 831 858 859 868 886 887 888 898 899 905
6 851 854 855 856 860 894
3 851 853 856
11 805 817 818 851 853 854 856 860 862 894 907
6 851 853 854 855 860 894
1 869
11 820 825 830 852 859 868 886 887 888 898 899
11 820 825 830 852 858 868 886 887 888 898 899
1 856
30 746 758 760 764 771 774 775 778 779 783 784 786 787 790 794 795 796 797 798 799 808 809 813 816 821 827 833 839 848 864
8 818 851 853 854 855 856 860 894
0
1 861
14 826 879 881 883 891 892 901 902 910 916 917 918 919 921
51 685 724 729 739 748 754 757 762 770 776 788 824 826 839 841 842 845 847 850 857 863 865 869 870 872 875 877 879 881 882 883 884 885 889 891 892 893 895 897 901 902 903 906 910 919 920 921 927 929 930 931
1 846
0
1 877
23 776 788 841 845 847 850 857 863 866 869 872 875 877 882 883 884 885 889 893 895 897 903 906
12 831 835 838 843 844 873 874 890 896 900 908 909
3 863 875 885
10 836 837 838 843 844 871 874 878 890 900
10 836 837 838 843 844 871 873 878 890 900
1 872
15 773 801 828 829 834 836 837 838 843 844 873 874 878 890 900
1 884
2 873 874
1 891
28 675 700 701 730 733 746 760 764 771 778 779 783 784 787 795 796 797 808 809 816 821 827 848 849 861 864 922 950
7 875 879 883 889 891 892 893
43 729 748 757 762 776 788 824 826 841 845 850 857 863 865 866 869 870 872 875 877 879 881 883 884 885 889 891 892 893 895 897 901 902 903 906 910 919 920 921 927 929 930 931
1 889
1 895
0
9 852 868 871 896 898 899 905 908 909
9 858 859 868 888 898 899 911 912 913
9 858 859 868 887 898 899 911 912 913
1 893
8 843 844 871 873 874 878 896 900
2 879 883
0
63 685 724 729 739 748 750 754 757 762 763 770 776 788 805 817 824 826 839 841 842 845 847 850 851 857 860 863 865 866 869 870 872 875 877 879 881 882 883 884 885 889 891 892 895 897 901 902 903 906 910 916 917 918 919 920 921 927 928 929 930 931 948 972
4 854 856 860 907
1 897
9 871 873 874 886 890 900 905 908 909
1 906
10 852 868 886 887 888 896 899 905 908 909
10 852 868 886 887 888 896 898 905 908 909
5 873 874 878 890 896
1 902
1 901
4 882 885 889 893
11 832 858 859 887 888 911 912 913 923 924 925
16 830 852 858 859 868 871 886 887 888 890 896 898 899 900 908 909
0
0
7 871 886 890 896 900 905 909
7 871 886 890 896 900 905 908
0
6 904 912 913 923 924 925
6 904 911 913 923 924 925
6 904 911 912 923 924 925
3 867 915 922
3 867 914 922
2 917 918
1 916
0
3 918 921 928
7 891 893 903 910 927 929 930
1 919
10 846 849 867 880 914 915 933 950 956 964
3 924 925 934
6 913 923 925 936 937 938
6 923 924 934 936 937 938
1 935
0
1 921
0
0
0
0
3 914 915 922
4 936 937 938 944
0
6 934 937 938 943 946 947
6 934 936 938 943 946 947
4 934 936 937 947
0
2 949 958
1 942
1 941
3 945 946 947
1 955
4 941 942 951 952
4 943 947 953 957
2 943 946
34 863 865 866 872 875 879 881 882 883 885 889 891 892 893 901 902 903 910 916 917 918 919 920 921 927 928 929 930 931 959 966 972 990 993
0
7 880 922 933 964 976 998 999
10 943 945 946 952 953 957 960 961 962 963
10 943 945 946 951 953 957 960 961 962 963
3 951 952 957
9 941 942 945 951 952 958 960 963 969
1 967
1 933
7 946 951 952 953 961 962 963
0
0
3 951 952 963
8 947 953 957 962 974 975 978 979
8 947 953 957 961 974 975 978 979
5 951 952 953 960 974
0
6 926 932 935 939 973 995
0
1 971
3 954 958 969
0
0
1 967
3 948 966 990
7 955 967 971 982 987 988 995
3 963 975 981
0
0
2 974 981
7 975 979 980 982 987 988 992
7 975 978 980 982 987 988 992
4 978 979 987 988
3 974 977 984
2 987 988
0
1 994
3 977 981 986
3 977 981 985
3 982 988 992
3 982 987 992
1 968
0
10 906 931 950 966 970 972 976 990 998 999
4 980 987 988 996
0
1 1000
0
6 980 987 988 992 994 1000
2 985 986
0
3 964 976 998
0
