500
2 2 18
3 1 5 19
0
0
0
1 15
2 8 27
0
2 10 11
2 9 11
2 9 10
0
0
3 9 16 17
1 6
4 10 11 14 17
4 10 11 14 16
0
0
2 14 22
0
3 16 17 20
3 7 8 13
1 41
3 20 22 26
3 20 22 25
0
3 31 33 38
3 25 26 34
4 13 23 57 68
1 33
1 15
1 38
3 29 31 35
3 29 34 39
1 27
1 12
1 43
3 34 35 44
15 21 37 50 51 52 53 60 61 62 63 73 74 75 89 90
12 24 39 40 46 50 51 52 53 59 60 61 62
0
0
3 35 39 46
0
2 39 44
0
0
1 45
2 51 52
3 50 52 53
6 50 51 53 60 61 62
2 51 52
2 47 56
32 28 29 31 33 34 35 38 39 43 44 45 46 49 56 58 59 64 69 70 79 83 86 88 97 98 99 101 103 104 111 113 115
2 49 54
1 68
3 44 46 59
2 46 58
6 50 51 52 61 62 63
6 50 51 52 60 62 63
6 51 52 53 60 61 63
6 52 60 61 62 73 74
4 43 55 88 98
3 56 66 67
2 65 67
115 10 11 14 16 17 18 19 20 22 25 26 28 29 31 33 34 35 38 39 42 43 44 45 46 47 49 54 55 56 58 59 64 65 66 69 70 71 72 76 77 78 79 80 81 82 83 84 85 86 87 88 91 92 93 94 97 98 99 100 101 103 104 107 109 110 111 112 113 115 116 117 118 121 122 126 127 128 130 132 133 134 135 137 138 141 142 143 144 145 147 149 150 151 152 153 154 155 156 158 159 160 161 162 163 164 165 167 168 170 171 173 174 178 182 183
0
3 70 71 72
0
7 65 66 67 69 72 77 81
7 65 66 67 69 71 77 81
6 60 61 62 63 74 75
6 60 61 62 63 73 75
3 63 73 74
0
5 69 71 72 81 85
1 76
3 58 83 86
0
7 71 72 77 80 84 85 92
1 78
3 59 79 86
3 77 80 81
6 71 72 77 81 84 91
6 59 79 83 103 109 112
1 82
18 55 64 69 70 91 94 97 98 99 101 104 110 111 115 118 121 127 128
4 73 74 75 90
2 75 89
2 85 94
2 80 84
1 87
2 85 91
0
54 29 34 35 39 41 44 46 55 58 59 64 79 83 86 88 97 98 99 101 103 104 109 111 112 113 114 115 118 121 122 127 128 132 133 134 138 139 140 142 143 144 145 148 152 154 157 162 166 172 176 177 181 188 192
4 99 101 104 111
14 64 88 97 99 101 104 111 113 115 118 121 127 128 138
0
2 92 107
10 97 99 103 104 111 112 113 115 118 121
0
13 79 86 97 101 109 111 112 113 115 118 121 122 132
46 55 58 59 64 70 79 83 86 88 91 97 98 99 101 103 109 110 111 112 113 114 115 118 121 122 126 127 128 132 133 134 137 138 140 142 143 144 145 147 149 152 154 158 159 160 162
3 89 90 106
3 89 90 105
2 93 100
0
10 83 86 103 111 112 113 114 115 118 122
1 94
20 79 86 97 99 101 103 104 109 112 113 114 115 118 121 122 127 132 133 134 138
17 86 97 99 101 103 109 111 113 114 115 118 121 122 127 132 133 134
1 111
17 79 83 86 96 103 109 111 112 113 115 118 121 122 132 133 134 140
1 118
3 100 107 117
3 100 107 116
4 111 113 115 121
3 68 123 125
0
13 97 99 101 103 111 112 113 115 118 127 132 133 134
15 86 101 103 109 111 112 113 114 115 118 121 132 133 134 140
1 125
3 105 106 129
2 119 123
1 110
12 99 101 104 111 113 115 118 121 128 133 138 142
59 55 64 69 70 79 85 86 88 91 94 97 98 99 101 103 104 109 110 111 112 113 114 115 118 121 122 126 127 130 132 133 134 135 137 138 140 141 142 143 144 145 147 149 150 151 152 153 154 158 159 160 161 162 168 170 176 177 179 180
8 89 90 105 106 120 124 136 148
2 116 117
0
9 112 113 115 118 121 122 133 134 140
13 103 111 112 113 115 118 121 122 127 132 134 138 140
13 103 109 111 112 113 115 118 121 122 127 132 133 140
1 130
1 124
2 126 141
8 121 127 128 133 142 143 144 145
2 157 166
0
3 135 137 150
137 31 33 34 35 38 39 43 44 45 46 47 49 54 55 56 58 59 64 65 66 67 69 70 71 72 77 79 80 81 82 83 84 85 86 87 88 91 92 93 94 96 97 98 99 100 101 103 104 107 109 110 111 112 113 114 115 116 117 118 121 122 126 127 128 130 132 133 134 135 137 138 139 140 141 143 144 145 147 149 150 151 152 153 154 155 156 158 159 160 161 162 163 164 165 166 167 168 170 171 172 173 174 176 177 178 179 180 181 182 183 184 188 191 192 194 196 197 198 201 202 203 206 208 209 210 211 213 215 217 218 219 221 224 225 236 237 238
1 142
7 127 128 138 142 143 145 162
3 142 143 144
0
3 137 149 153
1 136
4 141 147 153 161
2 141 151
2 155 156
11 132 133 134 138 140 142 143 144 145 154 162
4 147 149 150 161
9 132 133 134 138 140 142 143 152 162
4 156 163 164 165
4 155 163 164 165
1 148
4 147 149 159 160
6 147 149 153 158 160 161
6 147 149 153 158 159 161
17 135 137 141 147 149 150 151 153 155 156 158 159 160 167 168 170 198
15 142 143 144 145 152 154 158 159 160 168 170 176 177 179 180
4 164 165 171 173
5 163 165 171 173 174
5 163 164 171 173 174
1 157
15 150 151 153 155 156 161 163 164 165 171 173 174 182 183 198
5 158 159 160 162 170
0
5 158 159 160 162 168
3 173 174 178
2 166 188
3 171 174 182
4 171 173 182 183
0
9 152 154 162 168 170 177 179 180 196
9 152 154 162 168 170 176 179 180 196
2 182 184
6 162 168 170 176 177 180
6 162 168 170 176 177 179
3 172 192 213
3 174 178 183
2 182 191
1 195
1 187
2 189 190
35 95 108 131 146 171 173 174 178 182 183 184 185 194 195 204 214 216 234 245 246 248 249 250 256 257 258 262 265 266 268 270 271 282 295 299
2 172 186
2 190 200
2 189 200
2 194 201
4 181 188 213 215
38 105 106 120 124 129 136 148 157 166 186 188 189 190 199 200 207 212 220 222 223 225 226 227 228 229 231 232 233 240 241 242 243 244 247 252 253 276 280
4 183 191 201 210
1 204
9 176 177 179 180 197 202 203 217 218
5 181 196 202 203 221
0
3 200 207 212
2 199 212
2 206 210
6 192 196 197 203 213 221
6 192 196 197 202 213 221
1 216
10 119 123 125 169 175 230 235 239 288 291
1 211
4 193 212 220 222
8 176 177 179 180 196 209 217 218
8 176 177 179 180 196 208 217 218
2 201 219
0
4 193 199 207 220
4 181 192 215 225
23 95 108 131 146 185 187 216 234 245 246 248 256 258 262 264 265 268 270 282 292 295 299 306
76 96 101 103 109 111 112 113 114 115 118 121 122 127 128 132 133 134 136 138 139 140 142 143 144 145 148 152 154 157 158 159 160 162 166 168 170 172 176 177 179 180 181 186 188 189 190 192 193 196 197 199 200 202 203 207 208 209 212 213 217 218 220 221 225 236 237 238 240 247 251 259 260 267 290 293 308
0
8 196 197 202 203 208 209 218 221
8 196 197 202 203 208 209 217 221
1 224
3 207 222 223
6 196 197 202 203 217 218
3 220 223 228
4 222 226 227 228
0
2 215 240
4 227 228 229 233
4 226 228 229 233
5 223 226 227 229 233
3 231 232 233
13 169 175 205 235 239 264 288 291 292 310 313 316 319
2 232 241
2 231 241
4 229 241 242 243
7 245 246 248 250 256 258 262
1 239
5 208 209 217 218 237
5 208 209 217 218 236
1 221
1 235
1 247
5 231 232 242 243 244
6 229 233 241 243 252 253
6 229 233 241 242 252 253
0
24 234 246 248 249 250 254 255 256 257 258 261 262 265 266 268 269 270 271 274 275 277 278 282 286
28 234 245 248 249 250 254 255 256 257 258 261 262 265 266 268 269 270 271 272 274 275 277 278 281 282 286 287 295
1 267
14 234 245 246 250 256 257 258 262 265 266 268 270 271 282
0
1 257
2 238 260
2 253 276
3 252 276 280
6 249 250 255 257 261 263
4 249 254 261 263
2 248 262
14 249 250 254 255 258 261 263 269 271 272 273 274 275 277
13 245 250 256 257 261 266 268 269 270 271 274 275 278
4 236 237 290 294
0
41 234 245 246 248 249 250 254 255 256 257 258 262 263 265 266 268 269 270 271 272 273 274 275 277 278 279 281 282 283 284 285 286 287 289 295 298 301 303 305 309 311
79 171 173 174 178 182 183 184 185 187 191 194 195 201 204 206 210 211 214 216 219 224 234 245 246 248 249 250 254 255 256 257 258 261 263 265 266 268 269 270 271 272 273 274 275 277 278 279 281 282 283 284 285 286 287 289 294 295 298 299 300 301 302 303 305 306 309 311 312 315 321 322 323 330 337 341 344 345 352 355
11 249 254 255 257 261 272 273 277 279 283 284
0
35 234 245 246 248 250 254 255 256 257 258 261 262 266 268 269 270 271 272 273 274 275 277 278 279 281 282 283 284 286 287 289 295 305 306 312
0
1 293
2 266 270
1 274
1 268
3 266 269 275
8 273 274 277 278 279 281 283 284
30 249 250 254 255 257 258 261 263 266 268 269 270 271 272 274 275 277 278 279 281 283 284 285 286 287 289 298 301 303 305
87 163 164 165 171 173 174 178 182 183 184 191 194 195 198 201 204 206 210 211 216 219 224 234 236 237 245 246 248 249 250 254 255 256 257 258 259 261 262 263 265 266 268 269 270 271 272 273 275 277 278 279 281 282 283 284 285 286 287 289 290 294 295 298 300 301 302 303 305 306 309 311 312 314 315 321 322 323 330 337 338 341 344 345 352 355 356 365
8 266 269 271 274 277 278 281 287
2 280 296
1 281
2 274 281
25 250 254 255 257 258 261 263 266 269 271 272 273 274 275 277 278 281 283 284 285 286 287 289 298 301
3 276 296 297
8 269 272 274 277 278 283 287 289
2 265 270
6 273 277 279 281 284 289
4 273 279 283 289
16 254 255 261 263 272 273 277 279 281 283 284 287 289 298 301 303
5 266 268 270 271 275
4 277 278 281 289
0
0
1 259
13 205 230 235 239 288 310 313 316 319 327 336 350 366
0
1 308
31 236 237 249 254 255 259 261 263 272 273 277 279 281 283 284 285 287 289 290 298 300 301 302 303 305 311 314 315 321 323 330
4 265 282 306 312
2 297 307
1 296
1 301
0
0
0
5 259 294 300 314 315
15 272 273 277 279 281 283 284 285 287 289 298 301 305 309 311
0
10 281 283 284 287 289 298 301 303 309 311
8 262 265 268 270 282 286 295 312
9 252 253 276 280 296 297 304 317 325
1 318
2 305 311
9 235 239 288 291 313 319 327 336 350
0
10 265 268 270 282 286 295 305 306 309 322
1 316
37 236 237 255 259 260 261 263 272 273 277 279 281 283 284 285 287 289 290 294 298 300 301 302 303 305 309 311 315 321 322 323 330 338 339 357 367 368
7 294 300 302 314 321 323 330
1 324
3 304 320 325
1 326
4 288 291 310 313
5 304 317 325 331 332
7 300 301 303 311 315 323 330
4 305 309 311 312
7 300 302 314 315 321 330 338
1 329
25 252 253 276 280 296 297 304 307 308 317 318 320 326 331 332 333 335 347 348 349 353 358 359 360 363
1 328
3 310 319 336
1 334
1 346
0
11 317 320 325 332 333 335 347 348 353 359 360
0
25 293 308 317 318 320 325 326 328 331 332 334 335 340 342 343 347 348 349 351 353 354 359 360 364 380
1 342
1 332
0
31 295 305 306 309 311 312 322 341 344 345 352 355 356 365 370 371 372 373 374 376 378 381 382 383 386 387 388 393 395 397 399
5 323 330 357 367 368
0
9 328 333 334 342 343 347 348 349 351
6 344 345 352 355 356 365
1 351
1 340
1 345
1 344
1 362
7 333 335 340 343 348 349 360
0
7 333 340 343 347 348 360 364
0
26 293 308 318 320 326 328 331 332 333 334 335 339 340 342 343 347 348 349 353 354 359 360 364 380 403 409
3 344 345 355
2 348 360
7 328 334 339 340 342 343 351
37 309 311 312 321 322 330 337 341 344 345 352 356 357 365 369 370 371 372 373 374 376 378 381 382 383 386 387 388 389 391 392 393 394 395 397 399 407
2 352 355
0
8 317 325 331 335 353 359 360 363
4 331 353 358 363
0
0
1 385
22 296 297 304 307 317 320 325 331 332 333 335 347 348 349 353 358 359 360 364 380 403 434
0
1 356
1 350
0
0
6 357 374 381 389 391 392
2 372 373
1 370
3 373 376 378
3 372 376 378
5 365 369 381 388 389
1 379
5 378 382 383 386 387
0
5 376 382 383 386 387
2 375 377
0
4 371 374 388 389
3 383 386 387
3 382 386 387
0
1 400
3 382 383 387
3 382 383 386
10 365 369 371 374 381 389 391 392 393 394
61 305 309 311 312 315 321 322 323 330 337 338 341 344 345 352 355 356 357 365 367 368 369 370 371 372 373 374 376 378 381 382 383 384 386 387 388 391 392 393 394 395 397 399 401 402 407 412 414 418 423 424 426 427 430 437 440 443 446 448 450 452
1 377
5 374 388 389 392 394
6 374 381 388 389 391 394
35 341 344 345 352 355 356 357 365 369 370 371 372 373 374 376 378 381 382 383 386 387 388 389 391 392 394 395 397 399 401 402 407 412 414 418
59 311 315 321 322 323 330 337 338 341 344 345 352 355 356 357 365 367 368 369 370 371 372 373 374 376 378 381 382 383 384 386 387 388 389 391 392 393 395 397 399 401 402 407 412 414 418 423 424 426 427 430 437 440 443 446 448 449 450 452
6 372 373 393 397 399 407
0
0
1 405
5 388 393 395 397 407
1 417
4 391 392 394 402
4 391 392 394 401
26 326 328 331 332 333 334 335 340 342 343 347 348 349 351 353 354 358 359 360 363 364 380 409 419 433 434
3 398 408 411
3 398 404 406
11 375 377 379 390 398 404 405 408 411 420 421
3 395 397 412
2 404 411
25 326 328 332 333 334 335 339 340 342 343 347 348 349 351 353 354 359 360 364 368 380 384 403 419 433
5 400 417 425 431 432
1 408
4 397 399 407 424
1 416
2 401 402
5 404 408 411 413 416
30 350 361 366 375 377 379 390 396 398 404 405 406 408 410 411 413 415 420 421 428 429 431 432 435 436 438 439 442 444 458
1 425
0
0
1 421
1 420
10 400 417 423 424 425 427 431 432 437 441
0
7 407 412 423 427 430 437 441
2 431 432
1 414
5 412 423 424 430 437
2 421 429
2 421 428
52 365 370 371 372 373 374 376 378 381 382 383 385 386 387 388 389 391 392 393 394 395 397 399 400 401 402 407 412 414 417 418 422 423 424 425 426 427 431 432 437 440 441 443 446 448 450 451 452 465 466 469 472
1 432
2 431 438
0
1 445
3 428 429 436
3 428 429 435
0
1 439
2 435 436
4 426 443 446 448
1 437
14 408 411 413 415 416 420 421 428 429 435 436 439 444 458
7 426 440 446 448 450 452 466
12 411 413 415 416 420 421 428 429 435 436 442 458
1 434
0
0
1 452
11 447 448 454 456 457 459 460 461 462 463 464
1 446
1 441
5 440 443 446 448 450
1 455
4 456 457 459 460
9 453 454 456 457 459 460 461 463 468
1 460
3 459 461 463
0
4 454 457 461 463
25 426 440 443 446 447 448 449 450 452 453 454 455 456 457 459 461 462 463 464 466 467 468 469 475 480
7 454 455 456 457 459 460 463
5 449 456 460 464 467
4 454 457 459 461
27 414 426 440 443 446 447 448 449 450 452 453 454 455 456 457 459 460 461 462 463 466 467 468 469 472 475 480
1 451
3 450 452 469
9 448 449 452 456 460 462 464 466 469
0
18 440 443 446 447 448 449 450 452 454 456 460 462 464 466 467 472 488 497
0
0
2 466 469
2 465 474
0
3 478 480 484
1 485
14 470 471 475 476 478 479 482 483 484 485 486 487 489 494
0
0
9 453 455 457 459 461 463 468 475 494
0
2 470 471
8 470 476 477 479 485 486 487 489
1 478
8 476 477 478 479 483 486 487 489
0
2 485 489
1 472
1 487
2 473 474
1 495
1 488
12 451 465 472 473 474 488 490 492 496 497 498 499
1 484
0
8 473 474 488 490 492 493 498 499
0
3 492 493 496
1 490
0
